2
4
3
2
2
0 0.178506 0.148183 0.507852 0.465941 0.0773292 0.672691 0.910679 0.79006 0.535343 0.511014 0.609039 0.121722 0.778989 0.472774 0.917105 0.777818 0.7808 0.899131 0.693011 0.431966 0.0564747 0.170536 0.190841
0.178506 0 0.469174 0.408032 0.787207 0.590989 0.757773 0.894062 0.496259 0.617068 0.05941 0.504085 0.164553 0.640052 0.349212 0.199304 0.697845 0.68426 0.3523 0.107635 0.0254024 0.938876 0.683081 0.547634
0.148183 0.469174 0 0.07705 0.979561 0.486793 0.524974 0.231834 0.440496 0.419202 0.535341 0.478331 0.307236 0.713896 0.456038 0.636791 0.543543 0.3195 0.841742 0.15734 0.415477 0.927291 0.973705 0.0592502
0.507852 0.408032 0.07705 0 0.817708 0.213386 0.380024 0.0673793 0.443364 0.614016 0.760878 0.0748292 0.654221 0.492949 0.00128349 0.571618 0.185477 0.303828 0.433717 0.484531 0.512337 0.852512 0.168622 0.0217009
0.465941 0.787207 0.979561 0.817708 0 0.727066 0.805131 0.841505 0.178391 0.209372 0.914671 0.870685 0.597448 0.310501 0.589369 0.521374 0.736763 0.770989 0.00731356 0.919069 0.79997 0.0895125 0.437308 0.833891
0.0773292 0.590989 0.486793 0.213386 0.727066 0 0.211305 0.404512 0.636737 0.639636 0.362659 0.205055 0.360354 0.463392 0.236066 0.555755 0.578775 0.479316 0.857369 0.807585 0.0734873 0.100714 0.70811 0.209338
0.672691 0.757773 0.524974 0.380024 0.805131 0.211305 0 0.351 0.256107 0.390933 0.4107 0.627396 0.642857 0.489414 0.57635 0.721572 0.467318 0.213345 0.683563 0.65115 0.881347 0.797426 0.337188 0.115797
0.910679 0.894062 0.231834 0.0673793 0.841505 0.404512 0.351 0 0.200869 0.000660048 0.0934245 0.185501 0.719103 0.960294 0.658532 0.946987 0.0148963 0.362007 0.256082 0.967808 0.951721 0.581257 0.182124 0.96149
0.79006 0.496259 0.440496 0.443364 0.178391 0.636737 0.256107 0.200869 0 0.766901 0.301441 0.325265 0.73246 0.446837 0.994833 0.154607 0.486954 0.230604 0.76596 0.489616 0.980359 0.898685 0.201759 0.960374
0.535343 0.617068 0.419202 0.614016 0.209372 0.639636 0.390933 0.000660048 0.766901 0 0.998571 0.978611 0.513768 0.896245 0.195239 0.37865 0.977954 0.476944 0.992028 0.0138262 0.376111 0.292083 0.0427919 0.203796
0.511014 0.05941 0.535341 0.760878 0.914671 0.362659 0.4107 0.0934245 0.301441 0.998571 0 0.201451 0.791636 0.0232985 0.578095 0.0417422 0.56071 0.855649 0.890942 0.0684518 0.468823 0.501533 0.270798 0.299171
0.609039 0.504085 0.478331 0.0748292 0.870685 0.205055 0.627396 0.185501 0.325265 0.978611 0.201451 0 0.172412 0.722125 0.75001 0.421568 0.288507 0.940972 0.913529 0.690187 0.968543 0.300315 0.402607 0.615985
0.121722 0.164553 0.307236 0.654221 0.597448 0.360354 0.642857 0.719103 0.73246 0.513768 0.791636 0.172412 0 0.853992 0.0366672 0.265854 0.214576 0.381164 0.222598 0.205213 0.0190104 0.507714 0.142042 0.29882
0.778989 0.640052 0.713896 0.492949 0.310501 0.463392 0.489414 0.960294 0.446837 0.896245 0.0232985 0.722125 0.853992 0 0.273161 0.00970719 0.148721 0.546228 0.459032 0.95093 0.281344 0.548012 0.433901 0.574914
0.472774 0.349212 0.456038 0.00128349 0.589369 0.236066 0.57635 0.658532 0.994833 0.195239 0.578095 0.75001 0.0366672 0.273161 0 0.575666 0.214876 0.428914 0.755203 0.703053 0.218647 0.794526 0.59157 0.523806
0.917105 0.199304 0.636791 0.571618 0.521374 0.555755 0.721572 0.946987 0.154607 0.37865 0.0417422 0.421568 0.265854 0.00970719 0.575666 0 0.613005 0.77469 0.221737 0.730641 0.878276 0.177316 0.151755 0.538382
0.777818 0.697845 0.543543 0.185477 0.736763 0.578775 0.467318 0.0148963 0.486954 0.977954 0.56071 0.288507 0.214576 0.148721 0.214876 0.613005 0 0.578496 0.779714 0.651732 0.656897 0.466319 0.431691 0.439026
0.7808 0.68426 0.3195 0.303828 0.770989 0.479316 0.213345 0.362007 0.230604 0.476944 0.855649 0.940972 0.381164 0.546228 0.428914 0.77469 0.578496 0 0.71706 0.629221 0.312441 0.1967 0.932702 0.926047
0.899131 0.3523 0.841742 0.433717 0.00731356 0.857369 0.683563 0.256082 0.76596 0.992028 0.890942 0.913529 0.222598 0.459032 0.755203 0.221737 0.779714 0.71706 0 0.0789269 0.524768 0.773354 0.760378 0.671719
0.693011 0.107635 0.15734 0.484531 0.919069 0.807585 0.65115 0.967808 0.489616 0.0138262 0.0684518 0.690187 0.205213 0.95093 0.703053 0.730641 0.651732 0.629221 0.0789269 0 0.583394 0.103351 0.0238383 0.650947
0.431966 0.0254024 0.415477 0.512337 0.79997 0.0734873 0.881347 0.951721 0.980359 0.376111 0.468823 0.968543 0.0190104 0.281344 0.218647 0.878276 0.656897 0.312441 0.524768 0.583394 0 0.45879 0.875755 0.818133
0.0564747 0.938876 0.927291 0.852512 0.0895125 0.100714 0.797426 0.581257 0.898685 0.292083 0.501533 0.300315 0.507714 0.548012 0.794526 0.177316 0.466319 0.1967 0.773354 0.103351 0.45879 0 0.367955 0.227509
0.170536 0.683081 0.973705 0.168622 0.437308 0.70811 0.337188 0.182124 0.201759 0.0427919 0.270798 0.402607 0.142042 0.433901 0.59157 0.151755 0.431691 0.932702 0.760378 0.0238383 0.875755 0.367955 0 0.739928
0.190841 0.547634 0.0592502 0.0217009 0.833891 0.209338 0.115797 0.96149 0.960374 0.203796 0.299171 0.615985 0.29882 0.574914 0.523806 0.538382 0.439026 0.926047 0.671719 0.650947 0.818133 0.227509 0.739928 0
